Date		  Number of OBSERVED positive cases	   Number of ESTIMATED positive cases				      93.0% intervals
2021-05-31	        		0	            			     31,41										  ]-11,57,74,39[
2021-06-01	        		0	            			     31,41										  ]-11,57,74,39[
2021-06-02	        		0	            			     31,41										  ]-11,57,74,39[
2021-06-03	        		0	            			     31,41										  ]-11,57,74,39[
2021-06-04	        		0	            			     31,41										  ]-11,57,74,39[
2021-06-05	        		0	            			     31,41										  ]-11,57,74,39[
2021-06-07	        		0	            			     31,41										  ]-11,57,74,39[
2021-06-08	        		0	            			     31,41										  ]-11,57,74,39[
2021-06-09	        		0	            			     31,41										  ]-11,57,74,39[
2021-06-10	        		0	            			     31,41										  ]-11,57,74,39[
2021-06-11	        		0	            			     31,41										  ]-11,57,74,39[
2021-06-12	        		0	            			     31,41										  ]-11,57,74,39[
2021-06-14	        		0	            			     31,41										  ]-11,57,74,39[
2021-06-15	        		0	            			     31,41										  ]-11,57,74,39[
2021-06-16	        		0	            			     31,41										  ]-11,57,74,39[
2021-06-17	        		0	            			     31,41										  ]-11,57,74,39[
2021-06-18	        		0	            			     31,41										  ]-11,57,74,39[
2021-06-19	        		7	            			     36,08										  ]-7,11,79,28[


































